17
1 -6.918268 107.604297
2 -6.918658 107.605451
3 -6.918932 107.606668
4 -6.920138 107.612217
5 -6.921770 107.612008
6 -6.921218 107.607724
7 -6.921055 107.606473
8 -6.920945 107.605065
9 -6.920830 107.604110
10 -6.922065 107.604009
11 -6.922410 107.606361
12 -6.922554 107.607605
13 -6.922839 107.609812
14 -6.923403 107.606276
15 -6.923096 107.603966
16 -6.919565 107.608346
17 -6.921266 107.608050
1 2 9
2 1 3 8
3 2 7 16
4 5 16
5 4 13 17
6 7 12 17
7 3 6 8
8 2 8 9
9 1 8 10
10 9 11 15
11 10 12 14
12 6 11 13
13 5 12
14 11 15
15 10 14
16 3 4 17
17 5 6 16