17
A -6.918268 107.604297
B -6.918658 107.605451
C -6.918932 107.606668
D -6.920138 107.612217
E -6.921770 107.612008
F -6.921218 107.607724
G -6.921055 107.606473
H -6.920945 107.605065
I -6.920830 107.604110
J -6.922065 107.604009
K -6.922410 107.606361
L -6.922554 107.607605
M -6.922839 107.609812
N -6.923403 107.606276
O -6.923096 107.603966
P -6.919565 107.608346
Q -6.921266 107.608050
0 1 0 0 0 0 0 0 1 0 0 0 0 0 0 0 0
1 0 1 0 0 0 0 1 0 0 0 0 0 0 0 0 0
0 1 0 0 0 0 1 0 0 0 0 0 0 0 0 1 0
0 0 0 0 1 0 0 0 0 0 0 0 0 0 0 1 0
0 0 0 1 0 0 0 0 0 0 0 0 1 0 0 0 1
0 0 0 0 0 0 1 0 0 0 0 1 0 0 0 0 1
0 0 1 0 0 1 0 1 0 0 0 0 0 0 0 0 0
0 1 0 0 0 0 0 1 1 0 0 0 0 0 0 0 0
1 0 0 0 0 0 0 1 0 1 0 0 0 0 0 0 0
0 0 0 0 0 0 0 0 1 0 1 0 0 0 1 0 0
0 0 0 0 0 0 0 0 0 1 0 1 0 1 0 0 0
0 0 0 0 0 1 0 0 0 0 1 0 1 0 0 0 0
0 0 0 0 1 0 0 0 0 0 0 1 0 0 0 0 0
0 0 0 0 0 0 0 0 0 0 1 0 0 0 1 0 0
0 0 0 0 0 0 0 0 0 1 0 0 0 1 0 0 0
0 0 1 1 0 0 0 0 0 0 0 0 0 0 0 0 1
0 0 0 0 1 1 0 0 0 0 0 0 0 0 0 1 0