12
1 -6.884893 107.611445
2 -6.885191 107.613017
3 -6.885257 107.613733
4 -6.887256 107.611540
5 -6.887386 107.613611
6 -6.887910 107.608289
7 -6.893882 107.608450
8 -6.893230 107.610447
9 -6.893605 107.611944
10 -6.893780 107.613036
11 -6.894759 107.611723
12 -6.894883 107.608839
0 1 0 1 0 0 0 0 0 0 0 0
1 0 1 1 0 0 0 0 0 0 0 0
0 1 0 0 1 0 0 0 0 0 0 0
1 1 0 0 1 1 0 0 0 0 0 0
0 0 1 1 0 0 0 0 0 1 0 0
0 0 0 1 0 0 1 0 0 0 0 0
0 0 0 0 0 1 0 1 0 0 0 1
0 0 0 0 0 0 1 0 1 0 0 0
0 0 0 0 0 0 0 1 0 1 1 0
0 0 0 0 1 0 0 0 1 0 0 0
0 0 0 0 0 0 0 0 1 0 0 1
0 0 0 0 0 0 1 0 0 0 1 0