13
1 -6.2451305520528315 106.78875286822782
2 -6.2465684548354234, 106.79136069567708
3 -6.246583916134292, 106.79192062681287
4 -6.243914258430079, 106.79170287581563
5 -6.244357484396679, 106.79018380338242
6 -6.244625481310769, 106.78964461043682
7 -6.244878016738897, 106.78920910844232
8 -6.246104615657203, 106.7913140347491
9 -6.245635622292481, 106.79128811201133
10 -6.245589238310509, 106.791837674052
11 -6.245393750344293, 106.79010575095998
12 -6.245254172270691, 106.79182922350667
13 -6.244703936570421, 106.79178387323083
BACKUP
1: 2, 7
2: 1,3,8
3: 2,10
4: 5,13
5: 4,6,11
6: 5,7,11
7: 1,6,8
8: 2,7,9
9: 8,10,11
10: 3,9,12
11: 5,6,9
12: 10,13
13: 4,12
TOTAL SISI: 17