12
1 -6.884893 107.611445
2 -6.885191 107.613017
3 -6.885257 107.613733
4 -6.887256 107.611540
5 -6.887386 107.613611
6 -6.887910 107.608289
7 -6.893882 107.608450
8 -6.893230 107.610447
9 -6.893605 107.611944
10 -6.893780 107.613036
11 -6.894759 107.611723
12 -6.894883 107.608839
  1 2 3 4 5 6 7 8 9 0 1 2
1 0 1 0 1 0 0 0 0 0 0 0 0 // 2 4
2 1 0 1 1 0 0 0 0 0 0 0 0 // 1 3 4
3 0 1 0 0 1 0 0 0 0 0 0 0 // 2 5
4 1 1 0 0 1 1 0 0 0 0 0 0 // 1 2 5 6
5 0 0 1 1 0 0 0 0 0 1 0 0 // 3 4 10
6 0 0 0 1 0 0 1 0 0 0 0 0 // 4 7
7 0 0 0 0 0 1 0 1 0 0 0 1 // 6 8 12
8 0 0 0 0 0 0 1 0 1 0 0 0 // 7 9
9 0 0 0 0 0 0 0 1 0 1 1 0 // 8 10 11
0 0 0 0 0 1 0 0 0 1 0 0 0 // 5 9
1 0 0 0 0 0 0 0 0 1 0 0 1 // 9 12
2 0 0 0 0 0 0 1 0 0 0 1 0 // 7 11
